<?xml version="1.0"?>
<opencv_storage>
<nAttributes>9</nAttributes>
<rgb>1</rgb>
<lab>1</lab>
<rgbEq>1</rgbEq>
<labEq>0</labEq>
<nClasses>2</nClasses>
<TrainData type_id="opencv-matrix">
  <rows>200</rows>
  <cols>9</cols>
  <dt>f</dt>
  <data>
    63. 30. 218. 120. 197. 160. 193. 57. 237. 68. 34. 219. 122. 197.
    158. 198. 66. 238. 70. 36. 221. 123. 197. 157. 200. 71. 239. 73. 37.
    221. 124. 197. 156. 202. 73. 239. 81. 47. 225. 128. 196. 153. 208.
    98. 243. 73. 37. 213. 120. 194. 153. 202. 73. 233. 78. 41. 215. 122.
    195. 151. 206. 81. 234. 85. 45. 217. 124. 194. 148. 210. 91. 236.
    93. 50. 219. 127. 194. 145. 215. 107. 238. 94. 51. 216. 126. 193.
    144. 215. 110. 235. 63. 29. 214. 118. 196. 159. 193. 54. 234. 65.
    31. 215. 119. 196. 158. 195. 59. 234. 68. 35. 216. 121. 196. 157.
    198. 68. 235. 70. 37. 218. 122. 196. 156. 200. 73. 237. 70. 38. 216.
    121. 195. 156. 200. 75. 235. 66. 33. 208. 116. 194. 156. 196. 64.
    230. 73. 38. 212. 120. 194. 153. 202. 75. 232. 79. 41. 213. 121.
    194. 150. 207. 81. 233. 83. 41. 212. 120. 194. 148. 209. 81. 232.
    85. 40. 210. 120. 194. 146. 210. 79. 231. 70. 37. 218. 122. 196.
    156. 200. 73. 237. 67. 34. 215. 120. 195. 157. 197. 66. 234. 65. 35.
    214. 120. 195. 158. 195. 68. 234. 68. 38. 217. 122. 195. 157. 198.
    75. 236. 63. 34. 211. 118. 194. 158. 193. 66. 232. 63. 32. 207. 115.
    194. 157. 193. 61. 229. 74. 41. 216. 122. 195. 154. 203. 81. 235.
    81. 44. 218. 124. 195. 151. 208. 89. 237. 82. 42. 214. 122. 194.
    149. 209. 84. 234. 84. 40. 211. 120. 194. 147. 210. 79. 232. 73. 41.
    220. 124. 196. 156. 202. 81. 238. 66. 36. 215. 120. 195. 158. 196.
    71. 234. 66. 37. 214. 120. 195. 158. 196. 73. 234. 69. 40. 215. 121.
    194. 157. 199. 79. 234. 68. 40. 217. 122. 195. 158. 198. 79. 236.
    67. 38. 213. 120. 194. 157. 197. 75. 233. 75. 44. 219. 124. 195.
    154. 204. 89. 238. 79. 43. 219. 124. 195. 152. 207. 86. 238. 82. 43.
    218. 124. 195. 150. 209. 86. 237. 88. 45. 220. 126. 195. 147. 212.
    91. 238. 67. 35. 214. 120. 195. 157. 197. 68. 234. 60. 31. 208. 115.
    194. 159. 189. 59. 230. 62. 33. 208. 116. 194. 158. 192. 64. 230.
    68. 39. 214. 120. 194. 157. 198. 77. 234. 76. 49. 223. 128. 194.
    156. 204. 104. 241. 72. 43. 218. 124. 194. 156. 201. 86. 237. 75.
    44. 219. 124. 195. 154. 204. 89. 238. 75. 39. 215. 121. 195. 153.
    204. 77. 234. 80. 41. 217. 123. 195. 151. 207. 81. 236. 91. 48. 223.
    128. 196. 147. 214. 101. 241. 73. 39. 217. 122. 195. 155. 202. 77.
    236. 74. 38. 216. 122. 195. 154. 203. 75. 235. 75. 36. 215. 121.
    195. 153. 204. 71. 234. 74. 35. 214. 120. 196. 153. 203. 68. 234.
    77. 51. 219. 126. 193. 154. 205. 110. 238. 80. 51. 220. 127. 193.
    153. 207. 110. 238. 78. 47. 216. 124. 193. 152. 206. 98. 235. 81.
    48. 217. 125. 193. 151. 208. 101. 236. 88. 52. 222. 128. 194. 149.
    212. 113. 240. 87. 48. 218. 125. 194. 148. 211. 101. 237. 73. 42.
    217. 123. 194. 155. 202. 84. 236. 74. 41. 216. 122. 195. 154. 203.
    81. 235. 74. 38. 214. 120. 195. 153. 203. 75. 234. 74. 38. 214. 120.
    195. 153. 203. 75. 234. 82. 51. 220. 127. 193. 152. 209. 110. 238.
    87. 54. 222. 129. 193. 150. 211. 119. 240. 90. 55. 223. 130. 193.
    148. 213. 121. 241. 90. 54. 220. 128. 193. 147. 213. 119. 238. 90.
    53. 217. 126. 192. 146. 213. 116. 236. 89. 48. 210. 122. 192. 144.
    213. 101. 231. 70. 42. 215. 122. 194. 156. 200. 84. 234. 72. 42.
    215. 122. 194. 155. 201. 84. 234. 77. 44. 218. 124. 195. 153. 205.
    89. 237. 80. 47. 221. 126. 195. 153. 207. 98. 239. 90. 54. 222. 129.
    193. 148. 213. 119. 240. 85. 47. 213. 123. 193. 147. 210. 98. 233.
    89. 49. 214. 124. 193. 146. 213. 104. 234. 102. 61. 222. 132. 192.
    142. 220. 134. 240. 111. 71. 227. 138. 191. 140. 224. 150. 244. 118.
    74. 227. 139. 190. 137. 227. 154. 244. 67. 40. 210. 119. 193. 156.
    197. 79. 231. 72. 43. 212. 120. 193. 154. 201. 86. 232. 81. 53. 220.
    128. 193. 153. 208. 116. 238. 90. 60. 227. 133. 193. 150. 213. 132.
    244. 93. 51. 216. 126. 193. 144. 215. 110. 235. 97. 54. 217. 127.
    192. 143. 217. 119. 236. 113. 69. 229. 138. 192. 139. 225. 147. 245.
    125. 81. 234. 145. 190. 136. 230. 163. 248. 124. 79. 226. 141. 188.
    134. 229. 160. 243. 125. 79. 222. 139. 187. 133. 230. 160. 240. 68.
    40. 207. 117. 192. 155. 198. 79. 229. 78. 48. 213. 123. 192. 152.
    206. 101. 233. 86. 57. 220. 129. 192. 150. 211. 126. 238. 90. 59.
    222. 131. 192. 149. 213. 130. 240. 95. 51. 211. 123. 192. 142. 216.
    110. 232. 105. 60. 217. 129. 191. 139. 221. 132. 236. 123. 77. 230.
    142. 190. 135. 229. 158. 246. 130. 84. 234. 147. 189. 134. 232. 168.
    248. 125. 79. 222. 139. 187. 133. 230. 160. 240. 128. 79. 217. 138.
    186. 130. 231. 160. 236. 155. 153. 118. 155. 116. 123. 242. 237.
    157. 159. 157. 122. 159. 116. 123. 243. 238. 161. 162. 160. 125.
    162. 116. 123. 244. 239. 164. 162. 160. 125. 162. 116. 123. 244.
    239. 164. 157. 155. 120. 157. 116. 123. 242. 238. 159. 152. 150.
    115. 152. 116. 123. 240. 236. 154. 152. 150. 115. 152. 116. 123.
    240. 236. 154. 154. 152. 117. 154. 116. 123. 241. 237. 156. 156.
    151. 118. 154. 118. 122. 242. 236. 157. 161. 159. 125. 161. 117.
    123. 244. 239. 164. 156. 154. 119. 156. 117. 123. 242. 238. 158.
    155. 153. 118. 155. 116. 123. 242. 237. 157. 154. 152. 117. 154.
    116. 123. 241. 237. 156. 155. 153. 118. 155. 116. 123. 242. 237.
    157. 156. 154. 119. 156. 117. 123. 242. 238. 158. 154. 152. 117.
    154. 116. 123. 241. 237. 156. 151. 149. 114. 151. 116. 123. 240.
    236. 153. 148. 146. 111. 148. 116. 123. 239. 234. 150. 155. 153.
    119. 155. 117. 123. 242. 237. 158. 158. 156. 122. 158. 117. 123.
    243. 238. 161. 143. 141. 107. 144. 117. 123. 237. 231. 146. 143.
    141. 107. 144. 117. 123. 237. 231. 146. 144. 142. 108. 145. 117.
    123. 237. 232. 147. 148. 146. 112. 148. 117. 123. 239. 234. 151.
    154. 152. 118. 154. 117. 123. 241. 237. 157. 159. 157. 123. 159.
    117. 123. 243. 238. 162. 159. 157. 123. 159. 117. 123. 243. 238.
    162. 157. 155. 121. 157. 117. 123. 242. 238. 160. 153. 151. 117.
    153. 117. 123. 241. 236. 156. 153. 151. 117. 153. 117. 123. 241.
    236. 156. 140. 139. 105. 142. 116. 124. 235. 230. 144. 144. 143.
    109. 145. 116. 124. 237. 233. 148. 148. 147. 113. 149. 117. 124.
    239. 235. 152. 149. 148. 114. 150. 116. 124. 239. 235. 153. 150.
    149. 115. 151. 117. 124. 240. 236. 154. 155. 154. 120. 156. 117.
    124. 242. 238. 159. 158. 157. 123. 159. 117. 124. 243. 238. 162.
    159. 158. 124. 160. 116. 124. 243. 239. 163. 163. 161. 127. 163.
    117. 123. 244. 239. 166. 159. 157. 123. 159. 117. 123. 243. 238.
    162. 141. 139. 108. 142. 118. 123. 236. 230. 147. 148. 146. 115.
    149. 118. 123. 239. 234. 154. 153. 151. 120. 154. 118. 123. 241.
    236. 159. 153. 151. 120. 154. 118. 123. 241. 236. 159. 154. 152.
    121. 155. 118. 123. 241. 237. 160. 158. 156. 125. 159. 118. 123.
    243. 238. 164. 161. 159. 128. 162. 118. 123. 244. 239. 167. 161.
    159. 128. 162. 118. 123. 244. 239. 167. 163. 162. 128. 164. 117.
    124. 244. 239. 167. 161. 160. 126. 162. 117. 124. 244. 239. 165.
    140. 141. 109. 144. 117. 125. 235. 231. 148. 146. 147. 115. 149.
    117. 125. 238. 235. 154. 151. 152. 120. 154. 117. 125. 240. 237.
    159. 153. 154. 122. 156. 117. 125. 241. 238. 161. 158. 159. 127.
    161. 117. 125. 243. 239. 166. 164. 165. 133. 167. 117. 125. 244.
    240. 172. 164. 165. 133. 167. 117. 125. 244. 240. 172. 159. 160.
    128. 162. 117. 125. 243. 239. 167. 161. 160. 126. 162. 117. 124.
    244. 239. 165. 164. 163. 129. 165. 117. 124. 244. 240. 168. 144.
    145. 113. 148. 117. 125. 237. 234. 152. 153. 154. 122. 156. 117.
    125. 241. 238. 161. 159. 160. 128. 162. 117. 125. 243. 239. 167.
    158. 159. 127. 161. 117. 125. 243. 239. 166. 158. 159. 127. 161.
    117. 125. 243. 239. 166. 161. 162. 130. 164. 117. 125. 244. 239.
    169. 157. 158. 126. 160. 117. 125. 242. 239. 165. 151. 152. 120.
