<?xml version="1.0"?>
<opencv_storage>
<nAttributes>9</nAttributes>
<rgb>1</rgb>
<lab>1</lab>
<rgbEq>1</rgbEq>
<labEq>0</labEq>
<nClasses>2</nClasses>
<TrainData type_id="opencv-matrix">
  <rows>1000</rows>
  <cols>9</cols>
  <dt>f</dt>
  <data>
    63. 30. 229. 126. 200. 163. 193. 57. 245. 66. 30. 230. 127. 200.
    162. 196. 57. 246. 66. 35. 226. 126. 198. 161. 196. 68. 243. 63. 30.
    221. 122. 198. 161. 193. 57. 239. 64. 30. 221. 122. 198. 160. 194.
    57. 239. 73. 35. 225. 125. 198. 156. 202. 68. 243. 75. 34. 219. 122.
    197. 153. 204. 66. 238. 74. 32. 211. 118. 195. 151. 203. 61. 232.
    85. 41. 212. 121. 194. 146. 210. 81. 232. 98. 54. 221. 129. 194.
    143. 218. 119. 239. 65. 29. 229. 126. 200. 162. 195. 54. 245. 65.
    29. 229. 126. 200. 162. 195. 54. 245. 65. 36. 223. 124. 197. 161.
    195. 71. 241. 65. 34. 221. 123. 197. 160. 195. 66. 239. 66. 32. 222.
    123. 198. 159. 196. 61. 240. 73. 33. 222. 124. 198. 155. 202. 64.
    240. 74. 33. 215. 120. 196. 153. 203. 64. 234. 78. 35. 210. 118.
    195. 149. 206. 68. 231. 89. 46. 211. 122. 193. 144. 213. 95. 232.
    101. 57. 217. 128. 192. 141. 219. 126. 236. 62. 26. 226. 124. 200.
    163. 192. 47. 243. 61. 25. 225. 123. 199. 163. 191. 45. 243. 62. 34.
    218. 121. 196. 161. 192. 66. 237. 67. 36. 223. 124. 197. 159. 197.
    71. 241. 71. 36. 224. 125. 198. 157. 200. 71. 242. 73. 33. 222. 124.
    198. 155. 202. 64. 240. 77. 33. 216. 121. 196. 151. 205. 64. 235.
    86. 41. 214. 122. 195. 146. 211. 81. 234. 98. 54. 215. 126. 192.
    141. 218. 119. 234. 107. 63. 218. 131. 191. 139. 222. 138. 237. 73.
    34. 226. 126. 199. 157. 202. 66. 243. 75. 34. 225. 125. 198. 155.
    204. 66. 243. 72. 33. 212. 118. 195. 153. 201. 64. 232. 73. 34. 210.
    118. 194. 152. 202. 66. 231. 80. 39. 214. 121. 195. 150. 207. 77.
    234. 81. 38. 207. 117. 193. 147. 208. 75. 229. 87. 41. 207. 118.
    193. 144. 211. 81. 229. 99. 53. 213. 125. 192. 140. 218. 116. 233.
    107. 59. 215. 128. 191. 137. 222. 130. 234. 118. 68. 222. 135. 191.
    134. 227. 146. 240. 68. 30. 220. 122. 198. 158. 198. 57. 238. 68.
    27. 218. 120. 198. 157. 198. 50. 237. 77. 41. 219. 124. 196. 153.
    205. 81. 238. 77. 39. 215. 121. 195. 152. 205. 77. 234. 85. 44. 219.
    125. 195. 149. 210. 89. 238. 89. 48. 217. 125. 194. 146. 213. 101.
    236. 97. 54. 219. 128. 193. 143. 217. 119. 238. 107. 60. 222. 132.
    193. 139. 222. 132. 240. 107. 59. 217. 129. 192. 138. 222. 130. 236.
    113. 65. 221. 133. 191. 136. 225. 141. 239. 69. 31. 220. 122. 198.
    157. 199. 59. 238. 68. 30. 219. 121. 198. 157. 198. 57. 238. 85. 49.
    227. 130. 196. 152. 210. 104. 244. 79. 41. 217. 123. 195. 151. 207.
    81. 236. 84. 45. 220. 126. 195. 150. 210. 91. 238. 93. 51. 222. 129.
    194. 146. 215. 110. 240. 102. 58. 225. 132. 194. 143. 220. 128. 243.
    106. 61. 224. 133. 193. 141. 222. 134. 242. 105. 57. 217. 128. 192.
    138. 221. 126. 236. 109. 61. 221. 132. 192. 138. 223. 134. 239. 70.
    36. 221. 123. 197. 157. 200. 71. 239. 73. 37. 221. 124. 197. 156.
    202. 73. 239. 81. 47. 225. 128. 196. 153. 208. 98. 243. 73. 37. 213.
    120. 194. 153. 202. 73. 233. 78. 41. 215. 122. 195. 151. 206. 81.
    234. 85. 45. 217. 124. 194. 148. 210. 91. 236. 93. 50. 219. 127.
    194. 145. 215. 107. 238. 94. 51. 216. 126. 193. 144. 215. 110. 235.
    95. 48. 211. 122. 193. 141. 216. 101. 232. 106. 56. 220. 130. 193.
    139. 222. 124. 238. 68. 35. 216. 121. 196. 157. 198. 68. 235. 70.
    37. 218. 122. 196. 156. 200. 73. 237. 70. 38. 216. 121. 195. 156.
    200. 75. 235. 66. 33. 208. 116. 194. 156. 196. 64. 230. 73. 38. 212.
    120. 194. 153. 202. 75. 232. 79. 41. 213. 121. 194. 150. 207. 81.
    233. 83. 41. 212. 120. 194. 148. 209. 81. 232. 85. 40. 210. 120.
    194. 146. 210. 79. 231. 86. 40. 207. 118. 193. 144. 211. 79. 229.
    99. 50. 218. 127. 194. 141. 218. 107. 237. 65. 35. 214. 120. 195.
    158. 195. 68. 234. 68. 38. 217. 122. 195. 157. 198. 75. 236. 63. 34.
    211. 118. 194. 158. 193. 66. 232. 63. 32. 207. 115. 194. 157. 193.
    61. 229. 74. 41. 216. 122. 195. 154. 203. 81. 235. 81. 44. 218. 124.
    195. 151. 208. 89. 237. 82. 42. 214. 122. 194. 149. 209. 84. 234.
    84. 40. 211. 120. 194. 147. 210. 79. 232. 83. 38. 209. 119. 194.
    146. 209. 75. 230. 93. 45. 217. 125. 195. 144. 215. 91. 236. 66. 37.
    214. 120. 195. 158. 196. 73. 234. 69. 40. 215. 121. 194. 157. 199.
    79. 234. 68. 40. 217. 122. 195. 158. 198. 79. 236. 67. 38. 213. 120.
    194. 157. 197. 75. 233. 75. 44. 219. 124. 195. 154. 204. 89. 238.
    79. 43. 219. 124. 195. 152. 207. 86. 238. 82. 43. 218. 124. 195.
    150. 209. 86. 237. 88. 45. 220. 126. 195. 147. 212. 91. 238. 85. 40.
    213. 121. 194. 147. 210. 79. 233. 90. 44. 217. 124. 195. 145. 213.
    89. 236. 32. 65. 215. 127. 185. 179. 151. 141. 234. 27. 62. 212.
    125. 185. 180. 141. 136. 232. 21. 57. 205. 120. 185. 181. 125. 126.
    228. 19. 57. 205. 120. 185. 181. 119. 126. 228. 20. 58. 206. 120.
    185. 181. 122. 128. 228. 16. 55. 201. 117. 184. 181. 109. 121. 225.
    22. 55. 204. 119. 185. 180. 128. 121. 227. 18. 55. 201. 117. 184.
    181. 116. 121. 225. 13. 52. 198. 115. 184. 182. 96. 113. 224. 9. 49.
    192. 111. 183. 181. 76. 104. 220. 30. 62. 215. 126. 186. 180. 147.
    136. 234. 30. 63. 213. 126. 185. 179. 147. 138. 233. 24. 59. 209.
    122. 185. 180. 134. 130. 230. 25. 60. 210. 123. 185. 180. 136. 132.
    231. 24. 62. 210. 124. 184. 181. 134. 136. 231. 20. 58. 206. 120.
    185. 181. 122. 128. 228. 22. 55. 204. 119. 185. 180. 128. 121. 227.
    19. 55. 203. 118. 184. 181. 119. 121. 227. 14. 53. 199. 116. 184.
    181. 100. 116. 224. 10. 50. 193. 112. 183. 181. 81. 107. 220. 27.
    58. 213. 124. 187. 180. 141. 128. 233. 29. 61. 214. 125. 186. 180.
    145. 134. 234. 27. 59. 212. 124. 186. 180. 141. 130. 232. 26. 61.
    211. 124. 185. 180. 139. 134. 232. 27. 62. 212. 125. 185. 180. 141.
    136. 232. 23. 58. 208. 121. 185. 181. 131. 128. 230. 21. 53. 202.
    117. 185. 179. 125. 116. 226. 20. 53. 202. 117. 185. 180. 122. 116.
    226. 15. 54. 200. 116. 184. 181. 105. 119. 225. 12. 52. 195. 113.
    183. 181. 91. 113. 222. 28. 57. 215. 125. 188. 180. 143. 126. 234.
    28. 59. 214. 125. 187. 180. 143. 130. 234. 25. 56. 211. 122. 187.
    180. 136. 124. 232. 24. 56. 209. 121. 186. 180. 134. 124. 230. 21.
    55. 208. 121. 186. 181. 125. 121. 230. 16. 50. 203. 116. 186. 181.
    109. 107. 227. 18. 49. 200. 115. 186. 180. 116. 104. 225. 19. 52.
    202. 117. 185. 180. 119. 113. 226. 19. 55. 203. 118. 184. 181. 119.
    121. 227. 13. 54. 200. 116. 184. 182. 96. 119. 225. 26. 55. 214.
    124. 188. 181. 139. 121. 234. 27. 56. 214. 124. 188. 180. 141. 124.
    234. 23. 54. 211. 122. 188. 181. 131. 119. 232. 22. 53. 208. 120.
    187. 181. 128. 116. 230. 22. 53. 208. 120. 187. 181. 128. 116. 230.
    14. 48. 202. 115. 187. 181. 100. 101. 226. 17. 46. 197. 112. 186.
    179. 112. 95. 223. 19. 50. 201. 116. 186. 180. 119. 107. 225. 20.
    56. 204. 119. 185. 181. 122. 124. 227. 14. 55. 201. 117. 184. 182.
    100. 121. 225. 26. 52. 212. 122. 189. 180. 139. 113. 232. 26. 55.
    214. 124. 188. 181. 139. 121. 234. 23. 52. 210. 121. 188. 181. 131.
    113. 231. 22. 53. 210. 121. 187. 181. 128. 116. 231. 22. 53. 210.
    121. 187. 181. 128. 116. 231. 17. 48. 203. 116. 187. 181. 112. 101.
    227. 17. 45. 199. 113. 187. 180. 112. 91. 224. 19. 50. 201. 116.
    186. 180. 119. 107. 225. 19. 54. 204. 118. 185. 181. 119. 119. 227.
    13. 53. 201. 116. 185. 182. 96. 116. 225. 29. 54. 216. 124. 189.
    179. 145. 119. 235. 27. 56. 215. 124. 188. 180. 141. 124. 234. 22.
    51. 210. 120. 188. 181. 128. 110. 231. 21. 50. 208. 119. 188. 181.
    125. 107. 230. 18. 49. 206. 118. 187. 181. 116. 104. 228. 13. 44.
    201. 114. 187. 181. 96. 89. 225. 20. 46. 200. 114. 186. 179. 122.
    95. 225. 19. 50. 203. 116. 186. 180. 119. 107. 227. 19. 54. 204.
    118. 185. 181. 119. 119. 227. 12. 52. 200. 116. 185. 182. 91. 113.
    225. 32. 57. 219. 127. 189. 179. 151. 126. 238. 27. 56. 215. 124.
